000000
000003
000004
000005
000006
000007
000010
000012
000013
000014
000016
000019
000020
000022
000024
000030
000031
000032
000033
000034
000036
000037
000038
000040
000041
000043
000044
000046
000047
000049
000050
000051
000052
000054
000055
000056
000057
000059
000060
000061
000063
000065
000068
000069
000070
000072
000074
000076
000077
000078
000081
000082
000083
000084
000085
000089
000090
000091
000092
000093
000094
000096
000098
000101
000102
000103
000104
000106
000108
000110
000113
000115
000116
000117
000120
000121
000124
000132
000134
000140
000141
000143
000147
000148
000152
000154
000155
000156
000157
000160
000162
000163
000165
000166
000168
000169
000170
000172
000173
000176
000177
000179
000180
000182
000184
000187
000191
000194
000195
000197
000198
000199
000200
000201
000202
000203
000204
000205
000206
000207
000208
000210
000211
000212
000215
000217
000224
000227
000228
000229
000230
000235
000238
000239
000241
000242
000243
000246
000247
000248
000249
000251
000253
000254
000255
000258
000259
000260
000261
000262
000265
000266
000268
000269
000270
000271
000273
000274
000275
000276
000278
000281
000283
000284
000286
000288
000289
000290
000292
000294
000296
000297
000298
000299
000300
000301
000303
000304
000305
000306
000308
000309
000312
000313
000314
000315
000318
000319
000323
000327
000331
000332
000333
000335
000336
000337
000338
000340
000342
000343
000346
000351
000353
000354
000355
000356
000357
000358
000359
000360
000362
000363
000364
000365
000366
000369
000371
000372
000374
000375
000377
000378
000383
000385
000388
000391
000393
000395
000398
000400
000401
000402
000403
000406
000407
000409
000411
000418
000419
000422
000426
000427
000432
000433
000435
000438
000443
000446
000452
000455
000456
000463
000466
000469
000472
000478
000479
000481
000482
000486
000487
000490
000491
000492
000493
000494
000498
000500
000501
000503
000504
000506
000507
000508
000511
000518
000519
000520
000521
000524
000525
000527
000528
000529
000530
000532
000535
000539
000540
000541
000542
000545
000546
000547
000548
000549
000551
000552
000554
000555
000559
000561
000565
000567
000569
000570
000572
000575
000576
000579
000581
000583
000586
000587
000589
000595
000597
000600
000601
000606
000609
000611
000613
000618
000619
000620
000621
000623
000625
000627
000628
000629
000630
000631
000634
000636
000637
000641
000642
000643
000644
000645
000648
000650
000657
000659
000660
000663
000665
000666
000667
000669
000670
000672
000674
000675
000676
000677
000679
000683
000686
000689
000692
000693
000695
000696
000698
000699
000701
000702
000704
000707
000708
000710
000712
000713
000714
000715
000718
000719
000723
000726
000727
000729
000732
000738
000739
000743
000746
000749
000753
000756
000757
000758
000760
000763
000765
000766
000769
000772
000774
000776
000779
000782
000784
000788
000789
000791
000793
000794
000795
000798
000799
000803
000805
000806
000808
000810
000811
000815
000817
000819
000820
000821
000827
000828
000829
000831
000832
000834
000836
000839
000843
000844
000845
000848
000849
000850
000852
000854
000857
000858
000860
000864
000867
000868
000869
000872
000873
000876
000877
000880
000882
000883
000884
000885
000886
000887
000889
000890
000891
000893
000895
000898
000900
000906
000907
000908
000909
000910
000912
000914
000916
000917
000922
000923
000924
000930
000931
000934
000935
000936
000939
000942
000944
000949
000951
000952
000953
000956
000957
000958
000960
000961
000962
000963
000964
000965
000966
000971
000973
000974
000975
000976
000982
000983
000984
000985
000986
000987
000988
000991
000993
000994
000995
000996
001000
001001
001002
001003
001007
001016
001020
001024
001027
001029
001031
001032
001033
001035
001036
001040
001041
001042
001045
001046
001050
001051
001052
001055
001058
001059
001062
001065
001067
001069
001071
001072
001073
001075
001076
001077
001078
001079
001082
001083
001084
001086
001088
001090
001091
001092
001096
001097
001098
001099
001101
001102
001106
001107
001113
001114
001115
001116
001118
001119
001122
001123
001124
001125
001126
001133
001136
001137
001139
001143
001150
001152
001153
001154
001156
001157
001158
001160
001161
001163
001167
001168
001171
001175
001176
001177
001179
001182
001183
001188
001189
001190
001191
001192
001197
001199
001201
001202
001205
001206
001209
001211
001212
001216
001217
001220
001221
001225
001226
001230
001234
001235
001238
001240
001247
001248
001251
001256
001257
001258
001261
001262
001265
001267
001268
001270
001271
001273
001282
001284
001285
001288
001290
001291
001293
001294
001295
001298
001300
001301
001303
001305
001307
001308
001309
001310
001311
001314
001318
001321
001325
001326
001327
001328
001329
001331
001332
001336
001338
001339
001341
001342
001345
001347
001351
001352
001353
001354
001357
001358
001361
001362
001363
001367
001369
001374
001375
001376
001378
001380
001384
001385
001387
001388
001391
001392
001393
001396
001397
001398
001399
001400
001401
001404
001408
001410
001414
001419
001420
001424
001425
001429
001432
001433
001439
001442
001446
001447
001450
001455
001456
001460
001461
001462
001463
001464
001466
001467
001468
001470
001472
001473
001476
001477
001478
001479
001484
001485
001486
001488
001491
001497
001499
001501
001502
001503
001504
001508
001511
001514
001515
001516
001518
001521
001523
001525
001528
001530
001533
001538
001541
001542
001543
001544
001551
001553
001555
001557
001562
001563
001565
001568
001573
001574
001577
001580
001585
001588
001589
001591
001592
001593
001598
001599
001600
001601
001605
001606
001607
001608
001610
001612
001613
001614
001616
001619
001620
001623
001628
001629
001632
001633
001636
001639
001641
001647
001649
001650
001658
001659
001661
001662
001665
001667
001668
001670
001672
001673
001674
001675
001676
001677
001684
001685
001688
001691
001693
001694
001698
001699
001700
001705
001709
001711
001712
001714
001715
001716
001718
001719
001721
001722
001723
001724
001726
001727
001728
001733
001734
001735
001739
001740
001741
001743
001745
001747
001748
001749
001751
001752
001753
001755
001760
001762
001763
001764
001766
001769
001771
001775
001776
001777
001780
001781
001783
001784
001785
001787
001791
001792
001794
001800
001801
001804
001805
001806
001808
001810
001812
001813
001814
001817
001818
001824
001826
001830
001831
001832
001835
001836
001837
001838
001839
001841
001844
001848
001849
001850
001851
001852
001853
001855
001858
001859
001860
001861
001866
001867
001870
001872
001874
001878
001879
001880
001884
001886
001887
001888
001889
001891
001892
001895
001897
001898
001900
001901
001903
001906
001908
001916
001918
001923
001927
001930
001932
001934
001935
001940
001942
001944
001945
001948
001949
001950
001952
001953
001955
001957
001958
001959
001962
001963
001965
001967
001969
001974
001976
001977
001978
001980
001982
001983
001985
001986
001987
001988
001991
001995
001998
001999
002003
002004
002010
002011
002012
002013
002014
002015
002016
002020
002021
002023
002024
002025
002026
002027
002029
002032
002035
002046
002050
002052
002053
002056
002057
002059
002060
002062
002063
002065
002066
002068
002069
002071
002073
002074
002078
002081
002086
002087
002094
002095
002096
002101
002106
002108
002109
002113
002115
002116
002121
002122
002123
002124
002127
002131
002133
002134
002136
002137
002138
002140
002141
002143
002144
002145
002150
002153
002156
002159
002160
002162
002166
002167
002169
002171
002174
002175
002179
002180
002184
002185
002186
002187
002189
002192
002194
002195
002198
002203
002204
002205
002206
002207
002208
002209
002210
002212
002213
002214
002215
002217
002218
002220
002221
002224
002227
002228
002231
002234
002236
002244
002245
002246
002250
002251
002252
002254
002256
002259
002261
002263
002264
002265
002268
002270
002271
002272
002276
002279
002280
002281
002282
002287
002289
002293
002297
002300
002302
002304
002305
002307
002308
002309
002310
002311
002314
002317
002318
002320
002321
002323
002324
002325
002326
002329
002331
002334
002335
002336
002340
002341
002342
002344
002345
002346
002349
002350
002354
002356
002361
002362
002363
002364
002366
002367
002369
002370
002373
002374
002375
002377
002378
002380
002381
002383
002384
002385
002388
002389
002394
002396
002399
002400
002401
002402
002407
002410
002411
002412
002418
002419
002420
002421
002422
002423
002425
002427
002428
002429
002430
002431
002438
002439
002440
002441
002442
002444
002445
002447
002448
002449
002451
002453
002456
002457
002459
002463
002465
002468
002469
002470
002473
002475
002476
002478
002479
002481
002489
002490
002491
002493
002495
002496
002497
002499
002500
002501
002503
002504
002505
002506
002507
002508
002509
002511
002512
002516
002519
002520
002521
002523
002526
002530
002531
002532
002534
002535
002536
002537
002538
002539
002541
002544
002546
002548
002551
002553
002554
002558
002559
002560
002561
002563
002569
002571
002572
002573
002574
002576
002577
002578
002579
002581
002582
002584
002586
002588
002592
002593
002595
002596
002597
002599
002609
002610
002611
002612
002615
002617
002619
002620
002621
002624
002625
002626
002627
002628
002630
002635
002639
002640
002641
002642
002645
002646
002647
002648
002650
002651
002653
002654
002657
002658
002664
002666
002668
002670
002673
002676
002677
002679
002682
002684
002685
002686
002687
002689
002691
002692
002694
002695
002696
002697
002698
002700
002705
002707
002709
002711
002713
002715
002718
002721
002722
002726
002730
002732
002733
002734
002735
002736
002737
002739
002741
002742
002743
002744
002745
002746
002747
002748
002749
002750
002751
002756
002758
002759
002763
002764
002765
002766
002767
002770
002771
002773
002774
002777
002778
002780
002781
002782
002783
002784
002785
002786
002789
002795
002797
002798
002799
002801
002802
002803
002805
002806
002807
002809
002811
002812
002814
002815
002816
002817
002820
002822
002823
002825
002826
002827
002828
002835
002839
002843
002844
002846
002850
002851
002854
002855
002857
002858
002861
002862
002865
002868
002869
002872
002873
002875
002877
002879
002880
002881
002882
002886
002888
002892
002896
002897
002898
002902
002905
002912
002913
002914
002915
002916
002917
002918
002922
002924
002927
002929
002937
002939
002940
002941
002942
002944
002947
002949
002950
002952
002953
002954
002956
002957
002958
002959
002960
002963
002964
002966
002967
002969
002971
002973
002975
002977
002981
002982
002983
002987
002988
002992
002994
002996
002997
002999
003000
003001
003002
003004
003007
003013
003015
003016
003017
003018
003019
003020
003028
003029
003030
003031
003033
003034
003036
003038
003039
003042
003044
003046
003047
003048
003049
003051
003052
003053
003055
003058
003059
003060
003062
003064
003066
003067
003068
003069
003074
003077
003078
003080
003081
003082
003083
003085
003088
003089
003092
003093
003094
003098
003099
003101
003102
003104
003105
003106
003107
003108
003112
003117
003118
003120
003121
003124
003125
003126
003129
003134
003136
003137
003138
003141
003142
003146
003147
003148
003149
003152
003153
003157
003159
003164
003165
003166
003171
003172
003173
003174
003175
003176
003178
003181
003182
003189
003192
003196
003197
003200
003201
003202
003208
003211
003215
003217
003218
003219
003222
003223
003225
003227
003228
003230
003235
003238
003239
003240
003241
003244
003245
003246
003248
003252
003254
003256
003259
003260
003261
003262
003263
003264
003268
003269
003274
003275
003277
003278
003282
003284
003285
003286
003289
003293
003294
003295
003296
003298
003299
003300
003301
003302
003304
003305
003306
003307
003310
003312
003313
003315
003316
003317
003318
003319
003320
003321
003322
003325
003326
003327
003329
003331
003334
003336
003341
003342
003343
003346
003347
003349
003351
003352
003353
003354
003356
003357
003358
003365
003370
003371
003373
003375
003378
003379
003380
003381
003382
003386
003387
003388
003389
003394
003395
003396
003399
003401
003402
003406
003408
003411
003413
003416
003417
003418
003419
003420
003422
003423
003425
003426
003429
003430
003436
003437
003438
003439
003440
003441
003442
003443
003444
003446
003447
003450
003452
003454
003456
003458
003460
003466
003467
003469
003473
003474
003475
003476
003478
003482
003485
003486
003487
003488
003491
003492
003494
003496
003497
003498
003505
003513
003515
003518
003522
003523
003529
003532
003533
003535
003537
003538
003544
003546
003547
003550
003551
003553
003554
003555
003558
003560
003561
003562
003563
003564
003568
003570
003571
003572
003573
003574
003576
003579
003580
003582
003583
003584
003585
003586
003589
003590
003591
003593
003596
003603
003604
003609
003611
003612
003613
003616
003617
003622
003626
003628
003630
003631
003638
003639
003643
003644
003645
003646
003651
003653
003656
003660
003662
003666
003667
003668
003669
003672
003675
003678
003679
003681
003682
003686
003688
003690
003692
003693
003697
003699
003707
003708
003709
003711
003712
003713
003714
003717
003719
003720
003721
003722
003724
003725
003728
003731
003732
003735
003736
003737
003744
003746
003748
003749
003750
003758
003762
003763
003764
003767
003769
003770
003772
003773
003774
003775
003777
003779
003780
003783
003784
003785
003786
003790
003792
003793
003796
003797
003798
003799
003803
003804
003805
003807
003812
003813
003814
003815
003816
003817
003818
003819
003822
003823
003826
003829
003832
003834
003836
003837
003839
003840
003842
003843
003844
003846
003849
003854
003856
003861
003862
003865
003866
003867
003868
003869
003874
003877
003878
003880
003883
003886
003888
003889
003891
003892
003893
003898
003899
003901
003902
003903
003904
003905
003907
003908
003913
003914
003915
003919
003920
003922
003925
003926
003927
003929
003935
003936
003937
003939
003942
003948
003949
003950
003953
003954
003955
003958
003959
003963
003965
003966
003968
003970
003971
003972
003974
003975
003976
003978
003980
003982
003983
003984
003986
003987
003989
003991
003992
003993
003995
003996
003998
003999
004000
004001
004002
004003
004004
004005
004006
004007
004008
004009
004010
004011
004018
004020
004022
004025
004027
004032
004033
004034
004035
004036
004038
004040
004041
004044
004045
004049
004050
004051
004054
004055
004062
004066
004068
004069
004071
004075
004076
004077
004079
004080
004081
004082
004083
004087
004088
004089
004090
004092
004093
004094
004095
004096
004099
004100
004103
004107
004108
004109
004111
004113
004114
004116
004117
004120
004121
004124
004126
004128
004129
004131
004132
004134
004135
004138
004140
004142
004143
004144
004145
004146
004147
004148
004149
004150
004157
004159
004160
004161
004162
004163
004165
004166
004169
004171
004172
004175
004184
004186
004188
004189
004190
004191
004196
004198
004199
004200
004203
004204
004213
004214
004216
004217
004218
004219
004221
004224
004231
004232
004233
004234
004235
004236
004239
004240
004241
004242
004243
004247
004248
004250
004252
004257
004258
004260
004262
004266
004269
004270
004271
004272
004274
004275
004277
004284
004285
004287
004288
004289
004290
004295
004296
004300
004301
004302
004304
004306
004307
004308
004310
004311
004312
004313
004316
004319
004323
004327
004328
004329
004332
004335
004336
004337
004341
004342
004343
004346
004347
004348
004351
004352
004353
004356
004357
004359
004360
004361
004364
004366
004372
004374
004376
004377
004380
004382
004383
004384
004385
004386
004387
004391
004393
004397
004399
004400
004402
004404
004405
004411
004412
004413
004416
004420
004421
004422
004424
004425
004426
004428
004429
004431
004433
004434
004435
004438
004441
004443
004444
004446
004449
004453
004454
004456
004460
004461
004465
004468
004470
004472
004473
004474
004475
004478
004482
004483
004488
004490
004491
004493
004496
004497
004499
004503
004504
004506
004507
004508
004511
004516
004517
004518
004520
004522
004523
004525
004526
004531
004532
004534
004535
004538
004544
004545
004546
004548
004550
004551
004552
004557
004559
004560
004562
004563
004564
004565
004566
004570
004572
004573
004576
004579
004580
004581
004582
004583
004585
004586
004587
004588
004591
004592
004595
004598
004600
004603
004605
004607
004608
004611
004613
004615
004616
004618
004621
004622
004623
004626
004630
004633
004634
004649
004651
004652
004653
004654
004656
004657
004660
004662
004665
004668
004669
004671
004672
004676
004678
004679
004683
004684
004688
004693
004694
004695
004696
004697
004699
004700
004701
004702
004705
004710
004714
004715
004716
004717
004718
004719
004722
004723
004724
004725
004727
004728
004731
004733
004734
004736
004737
004740
004741
004742
004743
004745
004746
004747
004748
004752
004755
004758
004759
004761
004762
004763
004767
004768
004771
004772
004773
004774
004775
004776
004777
004778
004779
004781
004782
004783
004790
004791
004792
004793
004794
004800
004801
004803
004804
004805
004806
004807
004808
004809
004811
004812
004813
004816
004818
004819
004820
004821
004823
004825
004827
004828
004831
004832
004833
004835
004840
004841
004842
004843
004844
004845
004849
004850
004852
004853
004854
004856
004857
004860
004862
004864
004867
004868
004870
004872
004873
004874
004876
004881
004883
004886
004887
004889
004891
004892
004893
004894
004897
004906
004907
004909
004910
004912
004914
004919
004922
004923
004924
004925
004926
004931
004932
004934
004941
004945
004946
004948
004949
004951
004954
004955
004956
004958
004959
004960
004962
004963
004965
004966
004969
004974
004977
004979
004980
004982
004986
004987
004988
004989
004990
004992
004993
004994
004997
004998
005000
005002
005003
005004
005005
005006
005007
005010
005011
005015
005019
005023
005024
005026
005029
005032
005033
005034
005035
005036
005037
005038
005040
005042
005043
005044
005045
005048
005049
005053
005054
005055
005056
005057
005059
005064
005065
005066
005068
005069
005071
005072
005076
005079
005082
005085
005086
005089
005090
005091
005094
005096
005097
005098
005100
005101
005102
005103
005106
005107
005109
005111
005112
005113
005114
005115
005116
005118
005119
005123
005124
005125
005128
005130
005134
005136
005138
005140
005142
005143
005144
005146
005147
005149
005150
005151
005152
005153
005157
005158
005159
005161
005164
005165
005166
005169
005171
005172
005173
005175
005178
005179
005180
005181
005183
005187
005188
005189
005192
005194
005197
005198
005199
005200
005201
005204
005208
005210
005212
005216
005218
005220
005223
005225
005226
005229
005234
005235
005237
005238
005242
005243
005247
005248
005251
005252
005255
005256
005258
005259
005260
005261
005262
005263
005264
005268
005269
005270
005272
005273
005274
005275
005278
005279
005280
005281
005282
005284
005289
005290
005292
005294
005296
005298
005299
005300
005303
005304
005305
005306
005307
005309
005310
005311
005316
005318
005322
005324
005329
005331
005332
005334
005335
005337
005338
005339
005340
005346
005347
005349
005350
005351
005352
005353
005354
005357
005359
005363
005364
005367
005368
005369
005371
005374
005378
005380
005382
005383
005385
005386
005387
005389
005390
005392
005397
005399
005403
005404
005405
005408
005409
005410
005413
005414
005415
005416
005418
005420
005422
005423
005428
005429
005430
005433
005434
005435
005437
005438
005439
005441
005442
005444
005446
005449
005450
005452
005456
005464
005469
005470
005471
005472
005473
005476
005480
005482
005483
005484
005485
005488
005489
005490
005493
005495
005496
005497
005498
005501
005502
005503
005510
005513
005514
005515
005517
005518
005523
005524
005528
005529
005532
005535
005537
005538
005539
005541
005542
005546
005550
005554
005555
005557
005560
005562
005564
005566
005568
005569
005571
005572
005574
005577
005580
005582
005583
005585
005587
005590
005593
005594
005597
005598
005599
005601
005603
005604
005609
005610
005611
005613
005616
005617
005618
005619
005620
005622
005623
005626
005629
005630
005631
005633
005637
005638
005639
005641
005643
005645
005647
005648
005650
005651
005654
005655
005656
005657
005658
005662
005663
005667
005668
005670
005671
005673
005674
005676
005678
005679
005680
005681
005682
005683
005685
005686
005690
005696
005697
005699
005701
005702
005705
005711
005713
005714
005717
005720
005721
005722
005723
005726
005728
005732
005736
005739
005741
005743
005744
005745
005746
005747
005748
005750
005752
005753
005754
005756
005757
005758
005759
005760
005762
005763
005765
005766
005767
005769
005770
005772
005773
005780
005783
005784
005786
005787
005790
005800
005801
005803
005807
005811
005812
005813
005816
005817
005820
005821
005823
005829
005830
005831
005832
005833
005834
005835
005836
005838
005841
005844
005847
005851
005855
005859
005860
005865
005868
005869
005870
005871
005872
005874
005879
005880
005881
005882
005885
005886
005888
005889
005890
005892
005895
005896
005897
005898
005899
005902
005903
005904
005907
005908
005910
005914
005917
005918
005920
005921
005922
005923
005924
005925
005926
005928
005933
005936
005937
005938
005939
005941
005945
005948
005949
005950
005952
005954
005957
005961
005965
005967
005968
005969
005974
005975
005977
005979
005980
005981
005983
005984
005986
005989
005993
005996
005997
005998
005999
006001
006002
006003
006004
006005
006006
006007
006008
006015
006025
006026
006027
006029
006030
006031
006032
006035
006036
006037
006040
006042
006046
006048
006050
006052
006054
006055
006056
006058
006060
006062
006063
006067
006069
006072
006073
006074
006076
006078
006079
006083
006085
006092
006093
006096
006097
006099
006105
006114
006117
006118
006120
006121
006124
006125
006126
006128
006130
006135
006137
006138
006140
006141
006142
006143
006147
006148
006149
006151
006152
006153
006154
006155
006156
006160
006161
006168
006169
006170
006172
006178
006183
006184
006190
006191
006193
006194
006196
006199
006200
006201
006203
006205
006209
006211
006212
006213
006214
006216
006217
006218
006223
006224
006226
006228
006230
006240
006241
006245
006246
006248
006252
006253
006255
006257
006258
006259
006269
006270
006278
006282
006283
006288
006291
006292
006294
006299
006301
006308
006309
006313
006315
006318
006319
006320
006323
006325
006327
006328
006331
006333
006335
006336
006343
006347
006348
006352
006355
006356
006357
006358
006359
006360
006361
006362
006364
006365
006370
006371
006377
006378
006381
006384
006390
006392
006394
006395
006396
006399
006401
006402
006404
006405
006408
006410
006412
006413
006414
006416
006417
006418
006419
006424
006426
006428
006429
006430
006431
006432
006433
006434
006436
006439
006441
006442
006443
006444
006445
006447
006448
006449
006450
006453
006454
006456
006457
006458
006460
006461
006462
006463
006464
006467
006468
006471
006472
006473
006474
006475
006477
006479
006484
006485
006488
006494
006496
006498
006500
006501
006502
006504
006506
006507
006515
006518
006519
006521
006523
006524
006526
006530
006531
006532
006533
006534
006535
006537
006539
006540
006544
006546
006547
006548
006549
006550
006551
006556
006559
006560
006561
006564
006569
006570
006571
006573
006575
006576
006577
006578
006579
006580
006585
006588
006589
006592
006593
006601
006603
006605
006606
006607
006610
006611
006616
006622
006623
006628
006629
006632
006634
006635
006637
006639
006644
006645
006646
006647
006648
006650
006659
006662
006664
006665
006666
006667
006668
006669
006671
006672
006673
006676
006677
006678
006680
006681
006682
006686
006687
006689
006690
006691
006692
006693
006698
006699
006702
006703
006705
006707
006709
006710
006711
006715
006718
006720
006721
006722
006726
006727
006731
006734
006735
006737
006738
006739
006743
006744
006745
006747
006748
006749
006750
006752
006756
006757
006758
006760
006762
006763
006764
006765
006767
006772
006774
006777
006778
006780
006782
006783
006784
006789
006793
006800
006803
006804
006806
006808
006809
006810
006813
006815
006816
006817
006818
006820
006824
006826
006827
006831
006832
006835
006839
006842
006844
006845
006848
006850
006851
006852
006853
006855
006859
006863
006867
006868
006869
006873
006875
006876
006877
006878
006879
006880
006881
006883
006885
006886
006887
006888
006889
006891
006892
006893
006894
006896
006898
006899
006901
006902
006906
006912
006913
006914
006918
006921
006922
006924
006925
006926
006927
006930
006933
006934
006935
006936
006942
006944
006946
006953
006954
006958
006969
006971
006972
006973
006974
006975
006977
006978
006979
006980
006981
006982
006988
006991
006992
006993
006995
007001
007002
007004
007005
007007
007008
007012
007013
007016
007017
007021
007023
007028
007029
007033
007034
007035
007036
007038
007040
007041
007043
007044
007046
007047
007051
007053
007055
007056
007057
007061
007062
007064
007067
007068
007074
007075
007076
007079
007080
007081
007082
007083
007084
007091
007095
007096
007097
007099
007106
007108
007110
007114
007118
007119
007120
007121
007122
007124
007125
007131
007138
007140
007143
007145
007146
007151
007154
007156
007157
007158
007161
007163
007164
007165
007166
007167
007168
007171
007172
007173
007174
007175
007176
007177
007178
007179
007181
007183
007184
007186
007187
007188
007191
007192
007193
007196
007201
007202
007203
007205
007207
007208
007218
007219
007224
007225
007226
007229
007230
007233
007240
007241
007242
007243
007246
007249
007251
007252
007256
007257
007258
007261
007263
007264
007266
007267
007271
007274
007276
007277
007279
007281
007282
007285
007290
007292
007293
007294
007296
007299
007300
007302
007304
007307
007309
007312
007313
007314
007317
007318
007320
007323
007324
007325
007326
007327
007328
007329
007335
007336
007337
007338
007339
007340
007341
007344
007350
007352
007353
007355
007357
007358
007359
007362
007363
007366
007367
007371
007372
007373
007375
007376
007377
007378
007379
007384
007391
007393
007396
007399
007402
007405
007406
007409
007410
007412
007420
007423
007425
007426
007427
007428
007430
007434
007436
007437
007440
007444
007447
007450
007451
007453
007455
007457
007458
007459
007462
007463
007464
007468
007471
007475
007477
007479
